*begin "version 2019.1.0.20  9-16-2022  18:03:31"
*templatefileset "/home/quinlan/software/altair/2019/altair/templates/feoutput/exodus/exodus.tpl"
*menufilterset "*"
*menufilterdisable 
*createmark collections 1
*clearmark collections 1
*createmark collections 2
*clearmark collections 2
*createmark controllers 1
*clearmark controllers 1
*settopologydisplaymode 0
*settopologydisplaymode 0
*settopologydisplaymode 0
*settopologydisplaymode 0
*settopologydisplaymode 0
*settopologydisplaymode 0
*settopologydisplaymode 0
*settopologydisplaymode 0
*settopologydisplaymode 0
*ME_CoreBehaviorAdjust "allowable_actions_policy=TC_lite"
*settopologydisplaymode 0
*settopologydisplaymode 0
*settopologydisplaymode 0
*settopologydisplaymode 0
*settopologydisplaymode 0
*settopologydisplaymode 0
*settopologydisplaymode 0
*loaddefaultattributevaluesfromxml 
# Session ended at "9-17-2022  7:35:55"
return; # Stop script and return to application 
# *quit 1; # Uncomment to exit application
*begin "version 2019.1.0.20  9-19-2022  8:55:32"
*templatefileset "/home/quinlan/software/altair/2019/altair/templates/feoutput/exodus/exodus.tpl"
*menufilterset "*"
*menufilterdisable 
*createmark collections 1
*clearmark collections 1
*createmark collections 2
*clearmark collections 2
*createmark controllers 1
*clearmark controllers 1
*settopologydisplaymode 0
*settopologydisplaymode 0
*settopologydisplaymode 0
*settopologydisplaymode 0
*settopologydisplaymode 0
*settopologydisplaymode 0
*settopologydisplaymode 0
*ME_CoreBehaviorAdjust "allowable_actions_policy=TC_lite"
*settopologydisplaymode 0
*settopologydisplaymode 0
*settopologydisplaymode 0
*settopologydisplaymode 0
*settopologydisplaymode 0
*settopologydisplaymode 0
*settopologydisplaymode 0
*loaddefaultattributevaluesfromxml 
*readfile "/home/quinlan/dealii/examples/cadex/demo_part.hm"
*setgeomrefinelevel 1
*drawlistresetstyle 
*rotateabout 0 0 0 0
*viewset -0.534239299 -0.21437418 0.817699262 0 0.841654798 -0.0447497559 0.538158584 0 -0.0787754627 0.975725971 0.204336135 0 -6.86306071 19.7502075 -1.85069085 1 -25.3241825 -1.73801353 35.3241825 36.9585022
*viewset -0.534239299 -0.21437418 0.817699262 0 0.841654798 -0.0447497559 0.538158584 0 -0.0787754627 0.975725971 0.204336135 0 -6.86306071 19.7502075 -1.85069085 1 -25.3241825 -1.73801353 35.3241825 36.9585022
*rotateabout 0 0 0 0
*viewset -0.132245368 -0.947247202 0.291948456 0 0.966103627 -0.189056916 -0.175787555 0 0.221709144 0.258805372 0.940140859 0 -12.3595044 29.045334 10.1799733 1 -25.3241825 -1.73801353 35.3241825 36.9585022
*viewset -0.132245368 -0.947247202 0.291948456 0 0.966103627 -0.189056916 -0.175787555 0 0.221709144 0.258805372 0.940140859 0 -12.3595044 29.045334 10.1799733 1 -25.3241825 -1.73801353 35.3241825 36.9585022
*rotateabout 0 0 0 0
*viewset -0.132245368 -0.947247202 0.291948456 0 0.966103627 -0.189056916 -0.175787555 0 0.221709144 0.258805372 0.940140859 0 -12.3595044 29.045334 10.1799733 1 -25.3241825 -1.73801353 35.3241825 36.9585022
*viewset -0.132245368 -0.947247202 0.291948456 0 0.966103627 -0.189056916 -0.175787555 0 0.221709144 0.258805372 0.940140859 0 -12.3595044 29.045334 10.1799733 1 -25.3241825 -1.73801353 35.3241825 36.9585022
*createlist lines 1 2 30 28 29 17 19 18 16 23 26 21 24
*solidmesh12lines 1 1 1 1
*rotateabout 1 0 14.5437872 8.05294
*viewset -0.578516494 -0.278721377 0.76657228 0 0.758755377 0.161014681 0.631161271 0 -0.299347529 0.946778045 0.118331695 0 -5.14783746 18.4137646 5.06186119 1 -25.3241825 -1.73801353 35.3241825 36.9585022
*rotateabout 1 0 14.5437872 8.05294
*viewset 0.00389061676 -0.911001373 0.412384968 0 0.843909436 0.224227315 0.487379704 0 -0.536471553 0.346119358 0.769675037 0 -4.47675443 22.3314818 1.90776086 1 -25.3241825 -1.73801353 35.3241825 36.9585022
*viewset 0.00389061676 -0.911001373 0.412384968 0 0.843909436 0.224227315 0.487379704 0 -0.536471553 0.346119358 0.769675037 0 -4.47675443 22.3314818 1.90776086 1 -25.3241825 -1.73801353 35.3241825 36.9585022
*createstringarray 3 "pars: post_cln tet_clps='0.100000,0.300000,0.500000,1.000000,0.505000,0.100000'" \
  "tet: 99 1.3 -1 0 0.8 0" "2d: 1 1 1 158 7.9 30 1"
*createmark solids 1 1
*tetmesh solids 1 0 elements 0 -1 1 3
*rejectmark 
*createstringarray 3 "pars: post_cln tet_clps='0.100000,0.300000,0.500000,1.000000,0.505000,0.100000'" \
  "tet: 99 1.3 -1 0 0.8 0" "2d: 1 1 1 0.1 0.005 30 0"
*createmark solids 1 1
*tetmesh solids 1 0 elements 0 -1 1 3
*rejectmark 
*createstringarray 3 "pars: post_cln tet_clps='0.100000,0.300000,0.500000,1.000000,0.505000,0.100000'" \
  "tet: 99 1.3 -1 0 0.8 0" "2d: 1 1 1 0.1 0.005 30 0"
*createmark solids 1 1
*tetmesh solids 1 0 elements 0 -1 1 3
*rejectmark 
*createstringarray 3 "pars: post_cln tet_clps='0.100000,0.300000,0.500000,1.000000,0.505000,0.100000'" \
  "tet: 99 1.3 -1 0 0.8 0" "2d: 1 1 1 0.01 0.0005 30 0"
*createmark solids 1 1
*tetmesh solids 1 0 elements 0 -1 1 3
*createstringarray 3 "pars: post_cln tet_clps='0.100000,0.300000,0.500000,1.000000,0.505000,0.100000'" \
  "tet: 99 1.3 -1 0 0.8 0" "2d: 1 1 1 0.01 0.0005 30 0"
*createmark solids 1 1
*tetmesh solids 1 0 elements 0 -1 1 3
*viewset 0.00389061676 -0.911001373 0.412384968 0 0.843909436 0.224227315 0.487379704 0 -0.536471553 0.346119358 0.769675037 0 -4.47675443 22.3314818 1.90776086 1 -25.3241825 -1.73801353 35.3241825 36.9585022
*viewset 0.00389061676 -0.911001373 0.412384968 0 0.843909436 0.224227315 0.487379704 0 -0.536471553 0.346119358 0.769675037 0 -4.47675443 22.3314818 1.90776086 1 -25.3241825 -1.73801353 35.3241825 36.9585022
*viewset 0.00389061676 -0.911001373 0.412384968 0 0.843909436 0.224227315 0.487379704 0 -0.536471553 0.346119358 0.769675037 0 -4.47675443 22.3314818 1.90776086 1 -25.3241825 -1.73801353 35.3241825 36.9585022
*viewset 0.00389061676 -0.911001373 0.412384968 0 0.843909436 0.224227315 0.487379704 0 -0.536471553 0.346119358 0.769675037 0 -4.47675443 22.3314818 1.90776086 1 -25.3241825 -1.73801353 35.3241825 36.9585022
*viewset 0.00389061676 -0.911001373 0.412384968 0 0.843909436 0.224227315 0.487379704 0 -0.536471553 0.346119358 0.769675037 0 -4.47675443 22.3314818 1.90776086 1 -25.3241825 -1.73801353 35.3241825 36.9585022
*viewset 0.00389061676 -0.911001373 0.412384968 0 0.843909436 0.224227315 0.487379704 0 -0.536471553 0.346119358 0.769675037 0 -4.47675443 22.3314818 1.90776086 1 -25.3241825 -1.73801353 35.3241825 36.9585022
*viewset 0.00389061676 -0.911001373 0.412384968 0 0.843909436 0.224227315 0.487379704 0 -0.536471553 0.346119358 0.769675037 0 -4.47675443 22.3314818 1.90776086 1 -25.3241825 -1.73801353 35.3241825 36.9585022
*viewset 0.00389061676 -0.911001373 0.412384968 0 0.843909436 0.224227315 0.487379704 0 -0.536471553 0.346119358 0.769675037 0 -4.47675443 22.3314818 1.90776086 1 -25.3241825 -1.73801353 35.3241825 36.9585022
*viewset 0.00389061676 -0.911001373 0.412384968 0 0.843909436 0.224227315 0.487379704 0 -0.536471553 0.346119358 0.769675037 0 -4.47675443 22.3314818 1.90776086 1 -25.3241825 -1.73801353 35.3241825 36.9585022
*createstringarray 3 "pars: post_cln tet_clps='0.100000,0.300000,0.500000,1.000000,0.505000,0.100000'" \
  "tet: 99 1.3 -1 0 0.8 0" "2d: 1 1 1 1 0.05 30 0"
*createmark solids 1 1
*tetmesh solids 1 0 elements 0 -1 1 3
*rotateabout 1 0 14.5437872 8.05294
*viewset 0.173655498 -0.744073739 0.645134124 0 0.734766699 0.534070471 0.418194488 0 -0.655714622 0.401401299 0.639464879 0 -1.92914842 17.3800068 3.9625505 1 -25.3241825 -1.73801353 35.3241825 36.9585022
*rotateabout 1 0 14.5437872 8.05294
*viewset 0.183613247 -0.86538182 -0.466262245 0 0.816525164 0.398373384 -0.417834062 0 0.54733247 -0.303994987 0.779752663 0 -12.8062922 25.0340703 14.9918427 1 -25.3241825 -1.73801353 35.3241825 36.9585022
*rotateabout 1 0 14.5437872 8.05294
*viewset 0.242597298 -0.96990144 0.020922401 0 0.855650952 0.203757444 -0.47575661 0 0.457173926 0.13331954 0.879328096 0 -12.649288 24.3428554 15.0323809 1 -25.3241825 -1.73801353 35.3241825 36.9585022
*viewset 0.242597298 -0.96990144 0.020922401 0 0.855650952 0.203757444 -0.47575661 0 0.457173926 0.13331954 0.879328096 0 -12.649288 24.3428554 15.0323809 1 -25.3241825 -1.73801353 35.3241825 36.9585022
*rotateabout 1 0 14.5437872 8.05294
*viewset -0.105810637 -0.815596901 0.568863607 0 0.714085517 -0.460442458 -0.527327808 0 0.692015884 0.350420372 0.631125644 0 -5.80463503 25.9123751 17.7811809 1 -16.4424351 3.92896 26.4424351 31.2915287
*viewset -0.105810637 -0.815596901 0.568863607 0 0.714085517 -0.460442458 -0.527327808 0 0.692015884 0.350420372 0.631125644 0 -5.80463503 25.9123751 17.7811809 1 -16.4424351 3.92896 26.4424351 31.2915287
*rotateabout 1 0 14.5437872 8.05294
*viewset -0.0111220324 0.0786428599 0.99684081 0 0.90702163 -0.418865775 0.0431650931 0 0.420937124 0.90463626 -0.0666721363 0 -6.42767581 20.8446253 15.1033772 1 -16.4424351 3.92896 26.4424351 31.2915287
*viewset -0.0111220324 0.0786428599 0.99684081 0 0.90702163 -0.418865775 0.0431650931 0 0.420937124 0.90463626 -0.0666721363 0 -6.42767581 20.8446253 15.1033772 1 -16.4424351 3.92896 26.4424351 31.2915287
*rotateabout 1 0 14.5437872 8.05294
*viewset 0.373234099 -0.377157568 0.8476134 0 0.888231933 -0.118500993 -0.443848565 0 0.267843875 0.918536708 0.290774784 0 -4.92155169 16.3642444 19.3079016 1 -16.4424351 3.92896 26.4424351 31.2915287
*viewset 0.373234099 -0.377157568 0.8476134 0 0.888231933 -0.118500993 -0.443848565 0 0.267843875 0.918536708 0.290774784 0 -4.92155169 16.3642444 19.3079016 1 -16.4424351 3.92896 26.4424351 31.2915287
*createstringarray 3 "pars: post_cln tet_clps='0.100000,0.300000,0.500000,1.000000,0.505000,0.100000'" \
  "tet: 99 1.3 -1 0 0.8 0" "2d: 1 1 1 10 0.5 30 0"
*createmark solids 1 1
*tetmesh solids 1 0 elements 0 -1 1 3
*createstringarray 3 "pars: pre_cln tet_clps='0.100000,0.300000,0.500000,1.000000,0.505000,0.100000'" \
  "tet: 99 1.3 -1 0 0.8 0" "2d: 1 1 1 10 0.5 30 0"
*createmark solids 1 1
*tetmesh solids 1 0 elements 0 -1 1 3
*rotateabout 1 0 14.5437872 8.05294
*viewset 0.287327963 0.157563582 0.944783763 0 0.953438543 0.0473206136 -0.297851816 0 -0.0916383463 0.98637441 -0.136630656 0 -2.975014 13.4062773 20.6264264 1 -16.4424351 3.92896 26.4424351 31.2915287
*rotateabout 1 0 14.5437872 8.05294
*viewset -0.751367451 0.267729319 0.603131798 0 0.530058011 -0.299532835 0.793296027 0 0.393046382 0.915751655 0.0831471524 0 -0.720594678 19.0195608 2.98714682 1 -16.4424351 3.92896 26.4424351 31.2915287
*rotateabout 1 0 14.5437872 8.05294
*viewset -0.507120772 -0.0596347898 0.859809406 0 0.819802355 -0.341258219 0.459855333 0 0.265993651 0.938075967 0.221947873 0 -3.91142673 19.4466296 6.71888344 1 -16.4424351 3.92896 26.4424351 31.2915287
*viewset -0.507120772 -0.0596347898 0.859809406 0 0.819802355 -0.341258219 0.459855333 0 0.265993651 0.938075967 0.221947873 0 -3.91142673 19.4466296 6.71888344 1 -16.4424351 3.92896 26.4424351 31.2915287
*createmark elements 1
*clearmark elements 1
*createmark systems 1
*clearmark systems 1
*retainmarkselections 0
*createstringarray 4 "HMCOMMENTS_SKIP" "HMMATCOMMENTS_XML" "EXPORTIDS_SKIP" \
  "IDRULES_SKIP"
*feoutputwithdata "/home/quinlan/software/altair/2019/altair/templates/feoutput/abaqus/standard.3d" "/home/quinlan/dealii/examples/cadex/input/demo_hmMesh_jumbo.inp" 0 0 1 1 4
*rotateabout 1 0 14.5437872 8.05294
*viewset 0.896085727 0.126870299 0.425363722 0 0.349986337 -0.791358171 -0.501260221 0 0.273020023 0.598043621 -0.753527634 0 2.8648945 28.7310476 28.5525893 1 -16.4424351 3.92896 26.4424351 31.2915287
*rotateabout 1 0 14.5437872 8.05294
*viewset 0.882798333 0.0502720284 0.467054414 0 0.465369942 0.0418972265 -0.884124109 0 -0.0640149969 0.997856375 0.0135917108 0 3.90090269 13.3926903 27.9433141 1 -16.4424351 3.92896 26.4424351 31.2915287
*viewset 0.882798333 0.0502720284 0.467054414 0 0.465369942 0.0418972265 -0.884124109 0 -0.0640149969 0.997856375 0.0135917108 0 3.90090269 13.3926903 27.9433141 1 -16.4424351 3.92896 26.4424351 31.2915287
*rotateabout 1 0 14.5437872 8.05294
*viewset 0.708984537 -0.190375331 0.67904209 0 0.675478455 -0.0933786822 -0.731443285 0 0.202656813 0.97726028 0.0623903928 0 -1.30236289 15.5259734 25.3297838 1 -16.4424351 3.92896 26.4424351 31.2915287
*viewset 0.708984537 -0.190375331 0.67904209 0 0.675478455 -0.0933786822 -0.731443285 0 0.202656813 0.97726028 0.0623903928 0 -1.30236289 15.5259734 25.3297838 1 -16.4424351 3.92896 26.4424351 31.2915287
*setdisplayattributes 0 0
*setelementinternaledgesmode 0
*rotateabout 1 0 14.5437872 8.05294
*viewset 0.376309168 -0.48743008 0.787910736 0 0.85295552 -0.149778585 -0.500033255 0 0.361743404 0.860219909 0.359393123 0 -5.16466634 17.2887607 19.5724604 1 -16.4424351 3.92896 26.4424351 31.2915287
*viewset 0.376309168 -0.48743008 0.787910736 0 0.85295552 -0.149778585 -0.500033255 0 0.361743404 0.860219909 0.359393123 0 -5.16466634 17.2887607 19.5724604 1 -16.4424351 3.92896 26.4424351 31.2915287
*rotateabout 1 0 14.5437872 8.05294
*viewset 0.444856469 -0.777217561 0.445011893 0 0.889156869 0.323771788 -0.323375776 0 0.107251035 0.539541187 0.835100307 0 -3.64175927 12.9839514 13.1723502 1 -16.4424351 3.92896 26.4424351 31.2915287
*viewset 0.444856469 -0.777217561 0.445011893 0 0.889156869 0.323771788 -0.323375776 0 0.107251035 0.539541187 0.835100307 0 -3.64175927 12.9839514 13.1723502 1 -16.4424351 3.92896 26.4424351 31.2915287
*rotateabout 1 0 14.5437872 8.05294
*viewset 0.459884562 -0.244485726 0.85365855 0 0.847143354 -0.167382523 -0.50431263 0 0.266184761 0.95509676 0.13013782 0 -4.31060741 16.780751 21.480878 1 -16.4424351 3.92896 26.4424351 31.2915287
*viewset 0.459884562 -0.244485726 0.85365855 0 0.847143354 -0.167382523 -0.50431263 0 0.266184761 0.95509676 0.13013782 0 -4.31060741 16.780751 21.480878 1 -16.4424351 3.92896 26.4424351 31.2915287
*rotateabout 1 0 14.5437872 8.05294
*viewset 0.609774989 -0.0569681543 0.790524568 0 0.747708052 -0.289475729 -0.597608962 0 0.262882355 0.955488583 -0.133919512 0 -2.83784746 18.5532933 24.9641978 1 -16.4424351 3.92896 26.4424351 31.2915287
*viewset 0.609774989 -0.0569681543 0.790524568 0 0.747708052 -0.289475729 -0.597608962 0 0.262882355 0.955488583 -0.133919512 0 -2.83784746 18.5532933 24.9641978 1 -16.4424351 3.92896 26.4424351 31.2915287
*viewset 0.609774989 -0.0569681543 0.790524568 0 0.747708052 -0.289475729 -0.597608962 0 0.262882355 0.955488583 -0.133919512 0 -3.26711961 16.4069326 24.9641978 1 -0.360608778 14.1899233 10.3606088 21.0305654
*viewset 0.609774989 -0.0569681543 0.790524568 0 0.747708052 -0.289475729 -0.597608962 0 0.262882355 0.955488583 -0.133919512 0 -3.02463271 17.3489399 24.9641978 1 -7.7497482 9.475304 17.7497482 25.7451847
# Session ended at "9-19-2022  9:56:59"
return; # Stop script and return to application 
# *quit 1; # Uncomment to exit application
